
MTD_ULIP_Agency=6.078466615
MTD_ULIP_Axis_Bank=43.90362105
MTD_ULIP_BancAssurance=24.9678087
MTD_ULIP_CAT=37.82527191
MTD_ULIP_Channel=3.838205475
MTD_ULIP_IMF=1.525161436
MTD_ULIP_Internet Sales=0.036442322
MTD_ULIP_PD=3.403871014
MTD_ULIP_MLI=26.79

MTD_TRAD_Agency=93.92153338
MTD_TRAD_Axis_Bank=56.09637895
MTD_TRAD_BancAssurance=75.0321913
MTD_TRAD_CAT=62.17472809
MTD_TRAD_Channel=96.16179453
MTD_TRAD_IMF=98.47483856
MTD_TRAD_Internet_Sales=99.96355768
MTD_TRAD_PD=96.59612899
MTD_TRAD_MLI=73.21

MTD_PROTECTION_Agency=6.787545028
MTD_PROTECTION_Axis_Bank=1.522366172
MTD_PROTECTION_BancAssurance=0.750582152
MTD_PROTECTION_CAT=2.958008251
MTD_PROTECTION_Channel=8.602480743
MTD_PROTECTION_IMF=3.4407642
MTD_PROTECTION_Internet_Sales=90.4837255
MTD_PROTECTION_PD=0
MTD_PROTECTION_MLI=6.11

MTD_ACH_Agency=64.88
MTD_ACH_Axis_Bank=72.47
MTD_ACH_BancAssurance=52.01
MTD_ACH_CAT=79.64
MTD_ACH_IMF=79.73
MTD_ACH_Internet_Sales=40.25
MTD_ACH_PD=86.23
MTD_ACH_MLI=67.87


MTD_GWT_Agency=-62.42
MTD_GWT_Axis_Bank=-68.17072184
MTD_GWT_BancAssurance=-34.32170433
MTD_GWT_CAT=-73.52029357
MTD_GWT_IM_Channel=-5.508628421
MTD_GWT_IMF=316.9641982
MTD_GWT_Internet_Sales=-30.87614377
MTD_GWT_PD=-70.78009835

MTD_PLAN_Agency=35.45
MTD_PLAN_Axis_Bank=64.45
MTD_PLAN_BancAssurance=14.45
MTD_PLAN_CAT=6.61
MTD_PLAN_IMF=.80
MTD_PLAN_Internet_Sales=2.29
MTD_PLAN_PD=1.43
MTD_PLAN_MLI=125.52







